21.025479 105.8532306
21.0254045 105.8534134
21.0255544 105.8530421
21.025682 105.8532826
21.0249186 105.8551489
21.024953 105.8550051
21.0248813 105.85529
21.0247739 105.8551057
21.0276569 105.841142
21.027676 105.8407633
21.0276431 105.8414065
21.0188219 105.8413924
21.0187106 105.8413908
21.0188303 105.8415559
21.0188188 105.8412245
21.0199175 105.8414055
21.0199132 105.8414591
21.0194816 105.8414009
21.0244868 105.8571509
21.0248807 105.8575215
21.0244432 105.8570073
21.0338582 105.8553151
21.0294632 105.857391
21.0260143 105.8591225
21.0252009 105.8597901
21.027629 105.8415349
21.02772 105.841536
21.0275605 105.8416723
21.0273884 105.841532
21.0280174 105.8442319
21.0282384 105.8437757
21.0285654 105.8439455
21.0246815 105.8513125
21.0246329 105.8514795
21.0245416 105.8512668
21.0247226 105.8511749
21.023226 105.8508198
21.0232827 105.8506221
21.0230538 105.8507647
21.0231663 105.8510345
21.0215614 105.8502802
21.0214297 105.8502391
21.0215258 105.8503782
21.0216019 105.8501597
21.0187503 105.8493412
21.0187958 105.8490222
21.018729 105.8494728
21.0181458 105.8485047
21.0169984 105.8492523
21.0191001 105.8476531
21.019019 105.8476257
21.019121 105.8475435
21.019071 105.847778
21.0192426 105.8476979
21.0263959 105.8500986
21.0262924 105.8500649
21.0264334 105.8499668
21.0269692 105.8502987
21.0251677 105.8496927
21.0250082 105.84964
21.0252122 105.8495423
21.0252964 105.8497335
21.0251243 105.8498348
21.0237053 105.8491985
21.0238305 105.8492418
21.0235142 105.8491339
21.0237418 105.8490175
21.0236766 105.8493473
21.0220391 105.8486244
21.0221325 105.8486563
21.0220726 105.8485037
21.0218788 105.8485737
21.0219993 105.848764
21.0210518 105.8483011
21.0210198 105.8483761
21.0213749 105.8484036
21.0209532 105.8482646
21.0200887 105.8479737
21.0200604 105.8480651
21.0201138 105.8478925
21.020166 105.8479985
21.0200219 105.8479516
21.0270442 105.8477905
21.0269056 105.847747
21.0275442 105.8459871
21.0277929 105.8478096
21.0258409 105.8473988
21.0260672 105.8474754
21.0259056 105.8471788
21.0258032 105.8475191
21.0242048 105.8529221
21.0243392 105.8529557
21.0241655 105.8530743
21.0242462 105.8527579
21.0236852 105.854762
21.0237354 105.8545697
21.023637 105.8549332
21.0235016 105.8547034
21.0270101 105.8558255
21.0270313 105.8556438
21.0267587 105.8557481
21.0261169 105.855553
21.0260871 105.8556552
21.0260498 105.855536
21.0222221 105.8542857
21.0220376 105.8542215
21.0222668 105.8541332
21.0221801 105.8544284
21.0205574 105.8537007
21.0205139 105.8538535
21.0203437 105.8536272
21.020597 105.8535495
21.0191659 105.8532227
21.0192342 105.8530704
21.0191208 105.8533242
21.0191011 105.8532038
21.0199953 105.8555751
21.0200486 105.8554005
21.0199417 105.8557417
21.0199235 105.8555519
21.0201602 105.8556318
21.0227121 105.8463276
21.0228473 105.8463704
21.0226777 105.8464432
21.0227412 105.8462262
21.0229745 105.8454119
21.0228611 105.8453747
21.0229302 105.8455667
21.0241235 105.8414636
21.0240591 105.8414627
21.021558 105.8430971
21.021531 105.8431881
21.0218388 105.8431885
21.0254436 105.8432716
21.0253222 105.8432309
21.025552 105.8433062
21.0254772 105.843155
21.0254123 105.8433793
21.0216867 105.8561315
21.0217826 105.8561642
21.0216383 105.8562849
21.0215243 105.8560776
21.0217227 105.8560005
21.0227149 105.852593
21.022807 105.8526058
21.0226675 105.852762
21.0227584 105.8524506
21.0243922 105.8469014
21.0240509 105.8471462
21.0244031 105.8468661
21.0240465 105.8467828
21.0242832 105.8472742
21.0249069 105.8451257
21.0250008 105.8451492
21.0249332 105.8450186
21.0248779 105.8452522
21.0209829 105.8522331
21.021028 105.8520743
21.0209479 105.8523593
21.021073 105.8522551
21.0197634 105.8519368
21.019819 105.8518375
21.0197168 105.8520324
21.0198648 105.8519613
21.0182926 105.851603
21.0189436 105.8517501
21.0269191 105.8437592
21.0267842 105.8437124
21.0269556 105.8436379
21.0268897 105.8438559
21.0265514 105.8450233
21.0267396 105.8449077
21.0262833 105.8451686
21.0267838 105.8442108
21.0264061 105.8455169
21.0263771 105.8456154
21.026239 105.8455722
21.0263379 105.8457521
21.0264705 105.845646
21.0264842 105.8436037
21.0264846 105.8434993
21.02649 105.841521
21.0259455 105.8415143
21.0257694 105.8454267
21.0255726 105.8453598
21.0255887 105.8455288
21.0281494 105.8461649
21.0269312 105.8457968
21.0279056 105.8447003
21.0299584 105.846568
21.0299076 105.8464726
21.0291808 105.8464255
21.0290874 105.8426478
21.029213 105.8425312
21.0283299 105.843208
21.0282378 105.8434781
21.0290083 105.8565203
21.0289404 105.8554321
21.0290536 105.8569265
21.0297759 105.8566986
21.0272715 105.8558998
21.0291314 105.857538
21.0287287 105.8577428
21.0254689 105.8580356
21.0254503 105.8579613
21.025227 105.8581113
21.0260697 105.857843
21.0253699 105.8579845
21.0231316 105.856595
21.0230077 105.8565531
21.0231761 105.8564479
21.0232664 105.856642
21.0230828 105.8567571
21.0194298 105.8616114
21.0194172 105.8615404
21.0185353 105.8618095
21.0186773 105.860065
21.019044 105.8587079
21.0188067 105.8587336
21.0189863 105.8589387
21.0193007 105.8586639
21.0190816 105.8585545
21.0211556 105.8580477
21.0211421 105.857928
21.0210226 105.8580873
21.0211924 105.858037
21.0227961 105.8574888
21.0227717 105.8576379
21.0230445 105.8574012
21.0229142 105.857324
21.0226242 105.8575607
21.0186561 105.8566591
21.0186705 105.8567822
21.0187481 105.8566866
21.0195874 105.8569516
21.0197129 105.8569939
21.0194235 105.8568998
21.0196276 105.8568417
21.0195596 105.8570699
21.0212525 105.857519
21.0213324 105.8575577
21.0213069 105.8573464
21.021099 105.8574361
21.0206242 105.8499702
21.0205951 105.8500407
21.0203782 105.8498841
21.0171098 105.8469568
21.0187182 105.8475373
21.0188374 105.8440036
21.0193208 105.8441444
21.0174211 105.8436347
21.0202983 105.8426704
21.0202651 105.8428109
21.0204282 105.842715
21.0203358 105.8425301
21.0206551 105.8414183
21.0204451 105.8414145
21.0206257 105.8415578
21.019308 105.8423207
21.0193173 105.8422803
21.01956 105.8424084
21.0195517 105.8424683
21.0198425 105.8425112
21.0188386 105.8421683
21.0188384 105.8422974
21.0189216 105.8421952
21.0193277 105.8440943
21.0195878 105.8442365
21.0204246 105.8445276
21.0204043 105.8446266
21.0199623 105.8443664
21.0205841 105.8445809
21.0206684 105.8491719
21.0204231 105.8497738
21.0206394 105.8491569
21.0195834 105.8496135
21.0198448 105.8487625
21.0198147 105.8487519
21.0198738 105.848777
21.01963 105.8494733
21.019048 105.8517752
21.0189714 105.8516455
21.0274773 105.8501087
21.0262615 105.850573
21.0288634 105.8495754
21.0289932 105.8495207
21.029196 105.8505926
21.0297634 105.849188
21.0310594 105.8486543
21.029148 105.8477964
21.0297967 105.847791
21.0290012 105.8506824
21.0292645 105.8425454
21.0290318 105.8425709
21.0303519 105.8428064
21.0210682 105.8447516
21.0210855 105.8446911
21.0215357 105.8449143
21.0210511 105.8448133
21.0206578 105.8461235
21.0206861 105.8461347
21.0206306 105.8461116
21.0204695 105.8467389
21.0207697 105.8457598
21.020136 105.8459361
21.0201587 105.8458252
21.0201078 105.8460308
21.0201864 105.845954
21.020049 105.8459029
21.0195767 105.8478058
21.0196078 105.8477024
21.0216582 105.846517
21.0186208 105.8499867
21.0250204 105.8414955
21.0259134 105.8416234
21.0277838 105.8404146
21.0279087 105.8400365
21.0267863 105.8399764
21.0280243 105.8511744
21.027738 105.851174
21.0277601 105.8512689
21.0314328 105.8545682
21.0286737 105.8420591
21.0286494 105.8421281
21.0188336 105.8408335
21.0191555 105.8308694
21.0289747 105.856958
21.0288128 105.8415494
21.0289405 105.8415408
21.0286413 105.8415473
21.0287694 105.8417054
21.0220815 105.8577393
21.021964 105.8577115
21.021295 105.8580052
21.0221212 105.8577265
21.0273386 105.8535679
21.0275945 105.8536092
21.0253813 105.8553106
21.0254309 105.8551707
21.0253129 105.855287
21.0256553 105.8545573
21.0260284 105.853517
21.0255879 105.8545378
21.0278834 105.8536483
21.027866 105.8537938
21.0282487 105.8537003
21.0275903 105.8558864
21.0275986 105.8560652
21.0276108 105.856289
21.0277915 105.8561177
21.0276963 105.8573443
21.0276898 105.8572413
21.027703 105.857419
21.0276107 105.8573671
21.0277783 105.8573207
21.0279065 105.8581477
21.0274769 105.8583593
21.0278758 105.8580327
21.0258794 105.8564302
21.025894 105.8565451
21.0259141 105.8562909
21.0260288 105.8563875
21.0261782 105.8578156
21.026198 105.8579074
21.0261532 105.857701
21.0262592 105.8577944
21.0264696 105.8588605
21.0264267 105.8587316
21.0298982 105.8501974
21.0288364 105.8554838
21.0289388 105.8553265
21.0287988 105.8537903
21.0288051 105.8539085
21.0302875 105.8538796
21.024245 105.8607704
21.025551 105.8601114
21.0282433 105.8415359
21.0260006 105.8468693
21.0257736 105.846793
21.0260282 105.8467737
21.0256276 105.8481328
21.0256531 105.8480456
21.0252946 105.8492668
21.0241657 105.8476415
21.0241873 105.8475703
21.024105 105.8478485
21.0245553 105.8463801
21.0248302 105.8464748
21.0244454 105.8467299
21.0246197 105.8461298
21.0251189 105.8544006
21.025144 105.8543107
21.0251991 105.8544242
21.0287071 105.8453279
21.0290003 105.8463872
21.0291961 105.8450835
21.0198455 105.8424635
21.0201975 105.8426353
21.0193508 105.8413984
21.0193541 105.8414596
21.0189757 105.8413931
21.0300457 105.8444459
21.0293298 105.8436296
21.0287928 105.8429216
21.0288247 105.8429637
21.0290542 105.8426775
21.0246894 105.8582694
21.024727 105.8582582
21.0247255 105.8583466
21.0232377 105.8594621
21.0232226 105.8593849
21.0233196 105.8594366
21.0228162 105.8595908
21.0185776 105.8588292
21.0187086 105.8587445
21.0242479 105.839875
21.0251228 105.8566833
21.0251434 105.8567636
21.0257595 105.8564679
21.0231601 105.8591567
21.0229655 105.8584128
21.0292059 105.8578159
21.0292322 105.8578904
21.0339439 105.8555322
21.0292887 105.8580218
21.0272361 105.8589692
21.0286223 105.8422175
21.0285565 105.8422521
21.0284738 105.8427405
21.0278427 105.8426276
21.0279135 105.8425904
21.0278809 105.8427268
21.02764 105.8416737
21.0291799 105.8494419
21.0287347 105.8485784
21.0290028 105.8490884
21.0281196 105.8477912
21.0285938 105.8477803
21.0208928 105.8482435
21.0209181 105.848194
21.022578 105.8423595
21.0231533 105.8425511
21.0258403 105.841869
21.0257448 105.8418708
21.0256954 105.8423638
21.0234484 105.8439301
21.0233698 105.8442065
21.0216627 105.8499598
21.0227009 105.8488361
21.0226116 105.8489357
21.0228304 105.848886
21.0226074 105.848804
21.0244154 105.8605779
21.024606 105.8602148
21.023744 105.8605226
21.0250573 105.859962
21.0249399 105.8592416
21.024877 105.8589742
21.0249267 105.8594296
21.0258997 105.851875
21.02596 105.8516669
21.0244415 105.8572579
21.0244799 105.857338
21.0244768 105.8572011
21.0242032 105.8570202
21.0239295 105.8568738
21.0241848 105.8572022
21.0247994 105.8582373
21.0246017 105.8576242
21.0239107 105.8484762
21.0238472 105.8486797
21.0244033 105.8569747
21.0244824 105.8566949
21.0194922 105.8495841
21.0195542 105.84971
21.0263673 105.8502032
21.0317709 105.8513432
21.0282514 105.851275
21.0269885 105.8561178
21.0272618 105.8560936
21.0217774 105.8541309
21.0218013 105.8540439
21.0206676 105.85374
21.0222055 105.8525018
21.0221904 105.8525614
21.0225809 105.8525808
21.0279487 105.8431514
21.0277872 105.8440687
21.0274055 105.8439341
21.0189279 105.8484594
21.018974 105.8484727
21.0278636 105.8478075
21.0290137 105.8447281
21.0191961 105.8606832
21.0194131 105.8615171
21.0189885 105.8599857
21.0197607 105.8605158
21.0180301 105.8585242
21.0245509 105.8576368
21.0247498 105.8590069
21.0248544 105.8588821
21.0220754 105.853014
21.0218992 105.8536719
21.0213367 105.8473445
21.0205023 105.846745
21.0217822 105.8476333
21.0222704 105.8478221
21.022208 105.8478034
21.0225142 105.8469946
21.021401 105.8483542
21.0217512 105.847191
21.0217298 105.8449798
21.021321 105.8438962
21.0228368 105.8458923
21.0227968 105.8460322
21.0246907 105.8458809
21.0246362 105.8460688
21.0228891 105.8476271
21.0233365 105.848012
21.0233513 105.8480248
21.0227877 105.8487269
21.0289328 105.8552834
21.0290649 105.8445784
21.0299839 105.8447481
21.0220222 105.8549677
21.0220687 105.8549849
21.0234704 105.8554846
21.0234225 105.8554681
21.0235093 105.8554978
21.0247091 105.8559027
21.0246523 105.8558847
21.0241903 105.8557293
21.0239104 105.8567868
21.0237652 105.8555848
21.0238913 105.8568599
21.0209599 105.8601515
21.0211949 105.8609748
21.0218612 105.8598823
21.0228409 105.8579239
21.0229263 105.8584253
21.0270604 105.8575455
21.0267295 105.8576498
21.0267364 105.8514396
21.026139 105.851598
21.0278067 105.8499855
21.0279715 105.8432795
21.0279956 105.8434702
21.0194452 105.8526233
21.0194209 105.8526765
21.0207175 105.8531422
21.0206338 105.8531153
21.019172 105.8473042
21.0195002 105.8456923
21.0240516 105.8572075
21.0236777 105.8572166
21.0246689 105.8568489
21.0297107 105.8384817
21.0288455 105.8414261
21.0297315 105.8592131
21.0302755 105.8607888
21.0295259 105.8587008
21.0259623 105.8453424
21.0261884 105.8443813
21.0266938 105.8442161
21.0271575 105.8547888
21.0273144 105.8537328
21.0270746 105.8535215
21.0265862 105.8494204
21.0267966 105.848671
21.0264387 105.8475957
21.0263221 105.8475605
21.0263194 105.8556142
21.0262281 105.8555878
21.0260985 105.8604682
21.02646 105.8595088
21.0256549 105.8600425
21.0265964 105.8594184
21.0266621 105.8576708
21.0273641 105.8560834
21.025111 105.8459804
21.0248335 105.8462352
21.0231453 105.84714
21.0234938 105.8466373
21.023516 105.8466023
21.0257223 105.8477951
21.0262975 105.8458932
21.0230364 105.8429544
21.0233714 105.8426174
21.024187 105.8448939
21.0247504 105.8450869
21.0252602 105.8439015
21.0251285 105.8443539
21.0249415 105.8414941
21.0247422 105.8414693
21.0236463 105.8414546
21.0234336 105.8414528
21.0243182 105.8414658
21.0236321 105.8527887
21.0240659 105.8528875
21.0248701 105.8506796
21.0227307 105.8506639
21.0216632 105.8503147
21.0247729 105.8495586
21.0230343 105.851544
21.0229945 105.8516746
21.0227522 105.8552376
21.0224385 105.8563002
21.0229375 105.8545972
21.0229581 105.854526
21.02236 105.8543307
21.0244142 105.8591036
21.0242445 105.8591528
21.0236584 105.8593317
21.0224236 105.8563571
21.0257441 105.8602104
21.0207684 105.8414193
21.0207306 105.841419
21.0203307 105.8471909
21.0220001 105.8414361
21.0221114 105.8432804
21.0212163 105.8514363
21.0211996 105.8514963
21.0211944 105.8559752
21.021418 105.8560446
21.0209023 105.8558784
21.022268 105.8576747
21.0221286 105.8577239
21.0221319 105.8597941
21.0223358 105.8597332
21.0221714 105.8591562
21.0188366 105.859772
21.0187694 105.8597317
21.0188821 105.8593326
21.0194661 105.8554036
21.0194507 105.8554633
21.0184745 105.8550644
21.0190698 105.8567889
21.0190858 105.8567356
21.0191224 105.8584531
21.0192141 105.8582105
21.0189691 105.8582007
21.0260809 105.8533541
21.0277622 105.8576449
21.0269486 105.8586153
21.0278274 105.8598073
21.0206938 105.8581981
21.0224374 105.8585815
21.0251356 105.8514518
21.0248443 105.8513651
21.0268692 105.8483847
21.0289086 105.8507251
21.0282537 105.8510185
21.0249853 105.8600125
21.024985 105.8597931
21.0250478 105.8597622
21.0249845 105.8594173
21.027991 105.8581061
21.0256327 105.8602788
21.0267086 105.8596478
21.0289973 105.8426013
21.0286923 105.8428836
21.0215242 105.8460309
21.0208006 105.8457709
21.0277097 105.8558349
21.0287199 105.8537768
21.0260057 105.8514697
21.0258079 105.8516658
21.0267543 105.8515303
21.0261527 105.8516858
21.0267904 105.8561311
21.0265466 105.8556823
21.028896 105.8564833
21.0276032 105.8557858
21.0250481 105.8551917
21.0253286 105.8531889
21.0285916 105.8439851
21.028869 105.8444581
21.0287537 105.8429597
21.0290807 105.8444821
21.0288954 105.8445106
21.0292323 105.8451502
21.0289183 105.8445595
21.0271392 105.8430315
21.0270533 105.84381
21.0278421 105.8443454
21.0280874 105.8439427
21.0266227 105.8415226
21.029992 105.8446775
21.0230251 105.8430657
21.0229069 105.8434899
21.022895 105.8435365
21.0233041 105.8436751
21.0198698 105.8441616
21.0233407 105.8443055
21.0208464 105.8521971
21.0225817 105.8467658
21.0225645 105.8468244
21.0230309 105.8471894
21.0225878 105.8470172
21.0230789 105.8470193
21.0226383 105.846848
21.018883 105.849388
21.0242204 105.8414668
21.0237927 105.8547974
21.0240361 105.8535244
21.0188361 105.8420753
21.0187112 105.8541878
21.018735 105.8541345
21.0187513 105.854209
21.0194006 105.8527184
21.0192925 105.8529418
21.0194585 105.8526981
21.0200803 105.8529375
21.0196391 105.8519112
21.0192618 105.853253
21.0185547 105.8540453
21.0187058 105.8541201
21.0190655 105.8528249
21.0192592 105.8529247
21.022562 105.8531169
21.0205994 105.8572767
21.0265836 105.8588022
21.0255504 105.8429003
21.0282047 105.8435749
21.0281273 105.8435083
21.0281806 105.8436456
21.0282561 105.843717
21.0281624 105.8437037
21.0282806 105.8436457
21.0283222 105.8437768
21.0207195 105.8428141
21.0213913 105.8430397
21.0227855 105.8435007
21.0226007 105.853129
21.0232214 105.8533227
21.0202982 105.8471794
21.0198166 105.8470074
21.0198455 105.8470178
21.0218868 105.8498249
21.0233759 105.8508713
21.0233081 105.8444156
21.0233118 105.8444034
21.0180897 105.8528936
21.0266765 105.8534544
21.0254564 105.8553379
21.0298878 105.8416189
21.0233466 105.8437503
21.0233793 105.8438081
21.0198187 105.8443164
21.0236926 105.842715
21.0239724 105.8427943
21.0239017 105.8427729
21.0246071 105.842991
21.0228043 105.8419316
21.0227683 105.8415026
21.0227697 105.8414443
21.0250993 105.8418758
21.0243833 105.853643
21.0240843 105.8535409
21.0205826 105.8573257
21.0198656 105.8578331
21.0285214 105.8537423
21.0278007 105.8542824
21.0195971 105.8457306
21.0191521 105.854523
21.0264898 105.8415894
21.0281053 105.843573
21.0285371 105.8439029
21.0241832 105.8416014
21.024004 105.8414618
21.0199877 105.8414057
21.0182242 105.8414186
21.022918 105.8516533
21.0224385 105.8517565
21.0283134 105.8435505
21.0283419 105.8434676
21.0283463 105.843709
21.0235778 105.8446791
21.0291588 105.8494508
21.0220334 105.8573572
21.0219238 105.8568844
21.0219565 105.8570264
21.0197532 105.8445115
21.0238611 105.8427607
21.0240517 105.8420745
